100
100 1
100
10 3
20 3 15
339826 4
8833 933950 415746 974701
3 5
3 3 4 2 3
1000000 1
999999
639108 5
253146 438120 456717 826781 911350
541073 2
37854 484255
946728 3
261507 908128 397030
695493 3
127908 560280 882414
372114 5
136070 122488 210312 67597 88755
852988 4
483572 576086 116861 305493
196988 5
106773 11533 655276 915080 780693
11 5
10 5 5 5 5
548739 5
635689 720177 229997 839360 682083
24117 5
914138 496029 86055 889072 564896
440885 3
950033 252284 984066
10 5
2 1 2 3 3
1 5
1 1 1 1 1
810216 5
404111 887062 62499 388177 46575
1000000 5
202260 864099 825557 92938 772565
454752 4
433621 471603 500317 159209
963087 3
976702 912456 490208
3 4
2 2 2 4
1000000 5
1 1 1 1 1
697321 5
175445 959909 921575 461529 540336
711630 2
783449 626525
230969 5
75101 1341 225369 47665 191800
543539 3
396687 557732 446875
601952 3
761358 714033 371449
1000000 5
1000000 1000000 1000000 1000000 1000000
614083 4
699532 752252 10770 773615
380289 5
291318 94330 296356 52883 358290
8 5
6 25 10 8 27
565557 4
134294 435140 349005 277170
2 5
247 262 472 204 79
13177 2
287990 736059
1000000 5
517596 7766 750055 37300 534850
6 5
2 1 1 1 1
760006 1
946626
813016 5
217995 232069 50477 352844 18024
470065 5
1194 241165 753787 577320 670787
929747 5
961821 776415 327632 305531 86721
627934 3
954358 850498 263874
10 5
5 5 5 5 10
11 5
5 5 5 5 10
69603 5
97961 273934 903563 907719 969529
5 5
2 2 3 1 1
1000000 5
329249 591452 810817 897696 961566
5 5
78 209 660 603 431
140153 5
174291 251409 137548 293339 399800
748392 5
75720 113812 283439 489283 502418
2 5
1 1 1 1 1
344325 5
991227 444950 756280 130253 364790
3 4
2 2 2 3
219166 5
658386 300280 473011 452128 150372
33446 1
290803
337339 1
181312
341047 5
969684 919841 714595 411956 139027
948315 5
500976 371920 253846 277391 333741
275404 5
684072 580427 286085 224255 193489
3 3
1 1 100
546457 2
165173 405329
567157 1
587552
941936 4
291956 252808 551884 134125
590460 5
16001 216586 316720 591891 685413
942569 2
225055 529214
2 5
7 9 2 10 8
2 4
2 2 2 6
693129 2
502217 656993
399180 4
643578 648355 832800 631532
1 5
319549 236635 46760 383574 629629
547950 2
129263 320135
271030 5
961906 921657 681259 348729 203672
1000000 5
115064 622254 83120 197018 919048
464151 3
583830 119589 351212
564005 4
93597 325818 584442 643394
213577 5
741010 993745 645008 38054 717255
921202 4
41551 647523 811597 183033
815913 5
911539 156952 105644 702369 432103
111878 2
943226 575739
1000000 1
1000000
863961 5
33300 261429 321846 676482 919232
983888 2
251646 957802
46455 4
49701 484725 386985 540343
1000000 5
242316 844848 884023 1770 555969
890396 3
141482 590453 213125
9 5
117 197 190 51 284
4 5
195 117 890 395 38
10 5
1 3 3 2 3
873612 2
879003 363635
1 5
1000000 1000000 1000000 1000000 1000000
411770 5
18282 167779 114185 90603 6886
756572 2
980733 830635
61939 5
974934 552515 720324 791565 541878
508361 1
472473
931528 5
843943 773380 605602 449916 68198
206951 4
63019 791813 748023 617224
270852 1
157411
964384 2
383690 759486
172347 4
152395 559568 449516 796247
